100
1 1 1 1 5 4 4 5 5 4 2 5 4 2 3 1 3 3 5 1 5 5 5 5 1 1 3 4 5 3 2 4 4 4 1 2 5 2 5 4 1 3 2 4 4 1 1 3 3 3 4 3 5 1 2 5 5 3 3 1 2 2 1 5 5 2 4 5 1 1 1 3 1 2 1 5 1 5 1 5 3 1 5 4 1 3 2 1 4 4 5 4 5 4 3 1 1 2 1 3
619335040 378914761 779447021 154023378 608291179 736315268 938101570 379678878 419260213 166347359 928626402 62520453 45527152 82535515 725127123 83299597 549213856 560053540 360235000 823746311 191397615 9760044 882985710 474532296 428490576 164597009 152198945 930331418 374841169 980290653 729121352 548010565 854560128 107792154 933693895 867224982 946114563 155235495 281929103 943586520 888806094 609666759 580589805 252257740 607581971 323643871 430793981 649139009 163601935 63595611 90675845 134785868 4269091 826881690 482285785 651785981 201676115 617290289 70695595 659000348 63191576 3614807 16631511 224024408 129504030 270288672 122835910 193944015 689211554 640989849 717340774 359571297 419756425 100310312 432599428 26641044 371910923 120576457 536075236 916972226 733650247 673237277 531317247 839820201 819878564 409256210 332831503 346746558 579271768 792385296 579026246 434945926 266759891 824602829 852937817 413896156 710895823 244987633 265013767 180924904
100
5
1 2 3 4 5
302
5
1 2 3 4 5
277
5
1 2 3 4 5
280
4
1 2 3 4
79
2
2 4
130
4
1 3 4 5
183
4
1 2 3 5
365
1
3
96
5
1 2 3 4 5
192
3
1 3 4
241
3
2 3 4
220
2
1 3
56
4
2 3 4 5
102
3
3 4 5
254
2
1 5
199
2
1 5
160
1
2
1
4
1 2 3 5
348
1
1
48
1
2
8
3
1 4 5
69
1
2
76
2
3 5
71
3
1 2 3
184
4
1 2 3 5
98
5
1 2 3 4 5
82
5
1 2 3 4 5
125
3
2 3 5
252
1
4
10
3
2 4 5
80
5
1 2 3 4 5
10
2
3 5
3
3
1 3 5
10
1
3
1
3
2 3 4
67
5
1 2 3 4 5
241
2
1 5
70
4
1 3 4 5
20
3
1 2 5
164
5
1 2 3 4 5
247
1
3
36
5
1 2 3 4 5
80
4
1 2 4 5
104
1
3
38
5
1 2 3 4 5
377
4
1 2 3 4
320
2
1 5
116
4
1 2 4 5
163
3
2 3 4
289
1
1
10
3
1 3 4
127
5
1 2 3 4 5
20
5
1 2 3 4 5
366
3
2 4 5
68
1
1
66
1
1
1
3
2 4 5
209
1
2
34
5
1 2 3 4 5
196
2
2 5
85
3
1 4 5
24
4
1 2 3 5
88
4
2 3 4 5
4
1
1
40
4
1 2 3 5
122
1
4
5
1
4
33
3
1 3 4
93
1
5
1
2
2 5
13
1
1
19
5
1 2 3 4 5
298
3
1 2 4
14
1
4
1
3
1 3 5
91
1
2
10
1
5
12
1
3
10
4
1 2 3 4
322
2
1 5
121
4
1 3 4 5
341
1
5
10
4
1 2 3 5
88
2
4 5
104
3
2 3 4
162
4
1 2 3 5
98
4
1 2 4 5
134
2
2 3
63
1
3
99
5
1 2 3 4 5
304
4
1 3 4 5
315
4
2 3 4 5
349
5
1 2 3 4 5
350
1
1
36
5
1 2 3 4 5
257
5
1 2 3 4 5
452
3
1 4 5
164
1
3
79
3
1 4 5
251
3
1 2 4
257